archer:
  actionValue: 0.3105299
  survivalFactor: 1.9563937
  defensiveStrengthPerSecond: 0.43333334
  offensiveStrengthPerSecond: 0.43333334
